=== ICA run grade: κ × source Gaussianity × blink strength (Picard, 125 Hz analysis) ===
blink removal = 1 − residual ocular / ocular (1 = all); brain lost = var(removed − ocular)/var(clean)

 burst blink  κnom  κreal kurtosis seed comps T(s) iters conv |r|best blinkRemoval brainLost ocularShare
  0.00    10     5   11.1    -0.01   1    13    15    56  yes   0.908      0.036       0.003     0.0028
  0.00    10     5   11.1     0.05   2    13    15   110  yes   0.970      0.441       0.006     0.0111
  0.00    10     5   11.1    -0.09   3    13    15    68  yes   0.957      0.535       0.003     0.0055
  0.00    10     5   11.1    -0.07   4    13    15    54  yes   0.964      0.519       0.003     0.0065
  0.00    10     5   11.1     0.06   5    13    15    78  yes   0.822      -1.414       0.004     0.0016
  0.00    10    10   18.5     0.00   1    14    29    81  yes   0.959      0.643       0.001     0.0033
  0.00    10    10   18.5     0.16   2    14    29    56  yes   0.982      0.627       0.003     0.0084
  0.00    10    10   18.5    -0.01   3    14    29    59  yes   0.970      0.591       0.002     0.0049
  0.00    10    10   18.5     0.02   4    14    29   101  yes   0.969      0.544       0.002     0.0047
  0.00    10    10   18.5     0.04   5    14    29    51  yes   0.965      0.452       0.002     0.0040
  0.00    10    20   37.0     0.01   1    14    58    77  yes   0.966      0.673       0.001     0.0039
  0.00    10    20   37.0     0.11   2    14    58    51  yes   0.978      0.678       0.002     0.0065
  0.00    10    20   37.0     0.07   3    14    58    70  yes   0.967      0.633       0.002     0.0043
  0.00    10    20   37.0     0.03   4    14    58    39  yes   0.974      0.674       0.002     0.0054
  0.00    10    20   37.0     0.07   5    14    58    65  yes   0.961      0.661       0.001     0.0034
  0.00    10    40   74.0     0.12   1    14   116    60  yes   0.966      0.656       0.002     0.0046
  0.00    10    40   74.0     0.16   2    14   116    56  yes   0.975      0.637       0.002     0.0065
  0.00    10    40   74.0     0.12   3    14   116    65  yes   0.968      0.667       0.002     0.0049
  0.00    10    40   74.0     0.09   4    14   116    84  yes   0.960      0.677       0.001     0.0040
  0.00    10    40   74.0     0.14   5    14   116    54  yes   0.966      0.671       0.002     0.0049
  0.00    30     5   11.1    -0.01   1    13    15    43  yes   0.990      0.757       0.006     0.0245
  0.00    30     5   11.1     0.05   2    13    15    44  yes   0.991      0.674       0.033     0.0923
  0.00    30     5   11.1    -0.09   3    13    15    74  yes   0.994      0.761       0.012     0.0471
  0.00    30     5   11.1    -0.07   4    13    15    64  yes   0.995      0.744       0.015     0.0557
  0.00    30     5   11.1     0.06   5    13    15    72  yes   0.984      0.699       0.004     0.0141
  0.00    30    10   18.5     0.00   1    14    29    90  yes   0.995      0.786       0.006     0.0291
  0.00    30    10   18.5     0.16   2    14    29    62  yes   0.996      0.715       0.022     0.0711
  0.00    30    10   18.5    -0.01   3    14    29   101  yes   0.996      0.751       0.011     0.0420
  0.00    30    10   18.5     0.02   4    14    29    95  yes   0.996      0.756       0.010     0.0408
  0.00    30    10   18.5     0.04   5    14    29    52  yes   0.996      0.756       0.009     0.0346
  0.00    30    20   37.0     0.01   1    14    58    62  yes   0.996      0.780       0.008     0.0342
  0.00    30    20   37.0     0.11   2    14    58    53  yes   0.997      0.748       0.015     0.0560
  0.00    30    20   37.0     0.07   3    14    58    71  yes   0.996      0.769       0.009     0.0376
  0.00    30    20   37.0     0.03   4    14    58    45  yes   0.997      0.772       0.011     0.0466
  0.00    30    20   37.0     0.07   5    14    58    76  yes   0.996      0.785       0.007     0.0298
  0.00    30    40   74.0     0.12   1    14   116    76  yes   0.996      0.770       0.010     0.0400
  0.00    30    40   74.0     0.16   2    14   116    55  yes   0.997      0.747       0.015     0.0556
  0.00    30    40   74.0     0.12   3    14   116    66  yes   0.996      0.771       0.010     0.0421
  0.00    30    40   74.0     0.09   4    14   116    56  yes   0.996      0.785       0.008     0.0345
  0.00    30    40   74.0     0.14   5    14   116   104  yes   0.996      0.761       0.011     0.0425
  0.00   100     5   11.1    -0.01   1    13    15    53  yes   0.998      0.792       0.058     0.2182
  0.00   100     5   11.1     0.05   2    13    15    53  yes   0.993      0.704       0.333     0.5336
  0.00   100     5   11.1    -0.09   3    13    15    67  yes   0.998      0.781       0.120     0.3554
  0.00   100     5   11.1    -0.07   4    13    15   108  yes   0.999      0.764       0.155     0.3956
  0.00   100     5   11.1     0.06   5    13    15    53  yes   0.998      0.808       0.031     0.1374
  0.00   100    10   18.5     0.00   1    14    29    55  yes   1.000      0.798       0.067     0.2507
  0.00   100    10   21.4     0.16   2    13    29    49  yes   0.997      0.725       0.233     0.4598
  0.00   100    10   21.4    -0.01   3    13    29    66  yes   0.999      0.771       0.112     0.3245
  0.00   100    10   21.4     0.02   4    13    29    75  yes   0.999      0.779       0.104     0.3208
  0.00   100    10   21.4     0.04   5    13    29    53  yes   0.999      0.785       0.086     0.2853
  0.00   100    20   42.9     0.01   1    13    58    77  yes   0.999      0.792       0.082     0.2812
  0.00   100    20   42.9     0.11   2    13    58    72  yes   0.999      0.755       0.161     0.3985
  0.00   100    20   42.9     0.07   3    13    58    90  yes   0.999      0.784       0.094     0.3047
  0.00   100    20   42.9     0.03   4    13    58    53  yes   0.999      0.780       0.119     0.3524
  0.00   100    20   42.9     0.07   5    13    58    64  yes   0.999      0.795       0.070     0.2548
  0.00   100    40   74.0     0.12   1    14   116    92  yes   1.000      0.781       0.102     0.3159
  0.00   100    40   85.8     0.16   2    13   116    55  yes   0.999      0.757       0.159     0.3942
  0.00   100    40   74.0     0.12   3    14   116    62  yes   1.000      0.783       0.106     0.3278
  0.00   100    40   74.0     0.09   4    14   116    56  yes   1.000      0.796       0.081     0.2852
  0.00   100    40   74.0     0.14   5    14   116    76  yes   0.999      0.770       0.113     0.3299
  0.02    10     5   11.1     4.45   1    13    15    34  yes   0.903      0.362       0.002     0.0028
  0.02    10     5    9.6     5.40   2    14    15    27  yes   0.984      0.681       0.004     0.0111
  0.02    10     5   11.1     6.49   3    13    15    34  yes   0.960      0.632       0.002     0.0055
  0.02    10     5   11.1     5.03   4    13    15    33  yes   0.962      0.516       0.003     0.0065
  0.02    10     5   11.1     7.25   5    13    15    32  yes   0.818      -0.313       0.002     0.0016
  0.02    10    10   18.5     5.08   1    14    29    25  yes   0.959      0.668       0.001     0.0033
  0.02    10    10   18.5     5.51   2    14    29    22  yes   0.983      0.670       0.003     0.0084
  0.02    10    10   18.5     7.58   3    14    29    28  yes   0.970      0.605       0.002     0.0049
  0.02    10    10   18.5     4.78   4    14    29    22  yes   0.968      0.672       0.002     0.0047
  0.02    10    10   18.5     6.24   5    14    29    32  yes   0.965      0.601       0.002     0.0040
  0.02    10    20   37.0     6.67   1    14    58    29  yes   0.966      0.657       0.001     0.0039
  0.02    10    20   37.0     9.59   2    14    58    30  yes   0.978      0.692       0.002     0.0065
  0.02    10    20   37.0     6.94   3    14    58    31  yes   0.968      0.678       0.001     0.0043
  0.02    10    20   37.0     6.38   4    14    58    30  yes   0.973      0.702       0.002     0.0054
  0.02    10    20   37.0     5.92   5    14    58    28  yes   0.962      0.677       0.001     0.0034
  0.02    10    40   74.0     7.12   1    14   116    29  yes   0.965      0.678       0.001     0.0046
  0.02    10    40   74.0     9.20   2    14   116    29  yes   0.975      0.679       0.002     0.0065
  0.02    10    40   74.0     7.60   3    14   116    29  yes   0.968      0.686       0.002     0.0049
  0.02    10    40   74.0     8.17   4    14   116    33  yes   0.961      0.686       0.001     0.0040
  0.02    10    40   74.0     6.77   5    14   116    35  yes   0.966      0.671       0.002     0.0049
  0.02    30     5   11.1     4.45   1    13    15    37  yes   0.990      0.763       0.006     0.0245
  0.02    30     5    9.6     5.40   2    14    15    36  yes   0.993      0.704       0.030     0.0923
  0.02    30     5   11.1     6.49   3    13    15    41  yes   0.995      0.768       0.011     0.0472
  0.02    30     5   11.1     5.03   4    13    15    28  yes   0.994      0.738       0.015     0.0555
  0.02    30     5   11.1     7.25   5    13    15    33  yes   0.984      0.742       0.004     0.0141
  0.02    30    10   18.5     5.08   1    14    29    27  yes   0.995      0.786       0.006     0.0291
  0.02    30    10   18.5     5.51   2    14    29    21  yes   0.998      0.724       0.021     0.0709
  0.02    30    10   18.5     7.58   3    14    29    24  yes   0.997      0.757       0.011     0.0420
  0.02    30    10   18.5     4.78   4    14    29    20  yes   0.995      0.769       0.010     0.0409
  0.02    30    10   18.5     6.24   5    14    29    25  yes   0.996      0.771       0.008     0.0346
  0.02    30    20   37.0     6.67   1    14    58    27  yes   0.996      0.782       0.008     0.0342
  0.02    30    20   37.0     9.59   2    14    58    23  yes   0.997      0.750       0.015     0.0560
  0.02    30    20   37.0     6.94   3    14    58    22  yes   0.996      0.775       0.009     0.0376
  0.02    30    20   37.0     6.38   4    14    58    30  yes   0.997      0.775       0.011     0.0466
  0.02    30    20   37.0     5.92   5    14    58    31  yes   0.996      0.786       0.007     0.0298
  0.02    30    40   74.0     7.12   1    14   116    31  yes   0.996      0.771       0.010     0.0400
  0.02    30    40   74.0     9.20   2    14   116    31  yes   0.997      0.751       0.015     0.0557
  0.02    30    40   74.0     7.60   3    14   116    27  yes   0.996      0.774       0.010     0.0421
  0.02    30    40   74.0     8.17   4    14   116    29  yes   0.996      0.785       0.008     0.0346
  0.02    30    40   74.0     6.77   5    14   116    23  yes   0.996      0.761       0.011     0.0425
  0.02   100     5   11.1     4.45   1    13    15    36  yes   0.998      0.796       0.057     0.2175
  0.02   100     5   11.1     5.40   2    13    15    25  yes   0.994      0.706       0.330     0.5344
  0.02   100     5   11.1     6.49   3    13    15    34  yes   0.999      0.783       0.119     0.3570
  0.02   100     5   11.1     5.03   4    13    15    34  yes   0.998      0.762       0.156     0.3929
  0.02   100     5   11.1     7.25   5    13    15    38  yes   0.999      0.812       0.030     0.1375
  0.02   100    10   18.5     5.08   1    14    29    25  yes   1.000      0.798       0.067     0.2505
  0.02   100    10   21.4     5.51   2    13    29    23  yes   0.999      0.728       0.231     0.4580
  0.02   100    10   21.4     7.58   3    13    29    37  yes   0.999      0.771       0.112     0.3254
  0.02   100    10   21.4     4.78   4    13    29    23  yes   0.998      0.778       0.105     0.3232
  0.02   100    10   18.5     6.24   5    14    29    26  yes   0.999      0.788       0.084     0.2851
  0.02   100    20   37.0     6.67   1    14    58    23  yes   1.000      0.794       0.081     0.2809
  0.02   100    20   42.9     9.59   2    13    58    27  yes   0.999      0.756       0.161     0.3980
  0.02   100    20   42.9     6.94   3    13    58    26  yes   0.999      0.784       0.093     0.3043
  0.02   100    20   42.9     6.38   4    13    58    28  yes   0.999      0.781       0.119     0.3516
  0.02   100    20   42.9     5.92   5    13    58    27  yes   0.999      0.795       0.070     0.2546
  0.02   100    40   74.0     7.12   1    14   116    25  yes   1.000      0.781       0.102     0.3156
  0.02   100    40   85.8     9.20   2    13   116    27  yes   0.999      0.758       0.159     0.3955
  0.02   100    40   74.0     7.60   3    14   116    22  yes   1.000      0.783       0.106     0.3268
  0.02   100    40   74.0     8.17   4    14   116    29  yes   1.000      0.796       0.081     0.2855
  0.02   100    40   74.0     6.77   5    14   116    22  yes   0.999      0.770       0.113     0.3300
  0.70    10     5    9.6   103.77   1    14    15   153  yes   0.949      0.672       0.001     0.0028
  0.70    10     5    9.6   162.99   2    14    15   200   no   0.988      0.685       0.004     0.0111
  0.70    10     5   11.1   150.65   3    13    15   200   no   0.953      0.602       0.002     0.0055
  0.70    10     5   11.1   107.35   4    13    15   200   no   0.900      0.551       0.003     0.0065
  0.70    10     5   11.1   115.06   5    13    15   200   no   0.813      -0.020       0.002     0.0016
  0.70    10    10   18.5   214.96   1    14    29   200   no   0.959      0.677       0.001     0.0033
  0.70    10    10   21.4   224.51   2    13    29   200   no   0.962      0.579       0.004     0.0084
  0.70    10    10   21.4   221.35   3    13    29   200   no   0.934      0.465       0.003     0.0049
  0.70    10    10   18.5   220.67   4    14    29   175  yes   0.927      0.640       0.002     0.0047
  0.70    10    10   18.5   198.45   5    14    29   195  yes   0.964      0.688       0.001     0.0040
  0.70    10    20   37.0   367.48   1    14    58   200   no   0.964      0.688       0.001     0.0039
  0.70    10    20   37.0   480.97   2    14    58   200   no   0.970      0.688       0.002     0.0065
  0.70    10    20   37.0   585.38   3    14    58   200   no   0.971      0.691       0.001     0.0043
  0.70    10    20   37.0   414.08   4    14    58   200   no   0.970      0.706       0.002     0.0054
  0.70    10    20   37.0   324.68   5    14    58   200   no   0.957      0.675       0.001     0.0034
  0.70    10    40   74.0   867.47   1    14   116   200   no   0.956      0.670       0.002     0.0046
  0.70    10    40   85.8  1112.06   2    13   116   200   no   0.963      0.533       0.003     0.0065
  0.70    10    40   74.0   828.75   3    14   116   200   no   0.959      0.682       0.002     0.0049
  0.70    10    40   74.0   850.39   4    14   116   200   no   0.954      0.665       0.001     0.0040
  0.70    10    40   74.0   652.12   5    14   116   200   no   0.962      0.667       0.002     0.0049
  0.70    30     5    9.6   103.77   1    14    15   194  yes   0.995      0.789       0.005     0.0245
  0.70    30     5    9.6   162.99   2    14    15   200   no   0.997      0.710       0.029     0.0928
  0.70    30     5   11.1   150.65   3    13    15   200   no   0.995      0.768       0.011     0.0471
  0.70    30     5   11.1   107.35   4    13    15   200   no   0.966      0.711       0.017     0.0553
  0.70    30     5   11.1   115.06   5    13    15   169  yes   0.984      0.754       0.004     0.0142
  0.70    30    10   18.5   214.96   1    14    29   200   no   0.996      0.787       0.006     0.0290
  0.70    30    10   21.4   224.51   2    13    29   200   no   0.991      0.708       0.022     0.0703
  0.70    30    10   18.5   221.35   3    14    29   200   no   0.991      0.758       0.011     0.0423
  0.70    30    10   18.5   220.67   4    14    29   200   no   0.965      0.726       0.012     0.0413
  0.70    30    10   18.5   198.45   5    14    29   200   no   0.996      0.779       0.008     0.0346
  0.70    30    20   37.0   367.48   1    14    58   200   no   0.996      0.784       0.008     0.0342
  0.70    30    20   37.0   480.97   2    14    58   200   no   0.992      0.744       0.015     0.0556
  0.70    30    20   37.0   585.38   3    14    58   200   no   0.997      0.778       0.009     0.0375
  0.70    30    20   37.0   414.08   4    14    58   200   no   0.997      0.775       0.011     0.0466
  0.70    30    20   37.0   324.68   5    14    58   200   no   0.996      0.786       0.007     0.0297
  0.70    30    40   74.0   867.47   1    14   116   200   no   0.995      0.771       0.010     0.0401
  0.70    30    40   85.8  1112.06   2    13   116   200   no   0.996      0.738       0.015     0.0558
  0.70    30    40   74.0   828.75   3    14   116   200   no   0.994      0.772       0.010     0.0421
  0.70    30    40   74.0   850.39   4    14   116   200   no   0.995      0.784       0.008     0.0346
  0.70    30    40   74.0   652.12   5    14   116   200   no   0.995      0.760       0.011     0.0426
  0.70   100     5   11.1   103.77   1    13    15   200   no   0.999      0.797       0.057     0.2178
  0.70   100     5   11.1   162.99   2    13    15   200   no   0.997      0.712       0.324     0.5388
  0.70   100     5   11.1   150.65   3    13    15   200   no   0.999      0.783       0.119     0.3556
  0.70   100     5   11.1   107.35   4    13    15   200   no   0.978      0.733       0.175     0.3902
  0.70   100     5   11.1   115.06   5    13    15   200   no   0.999      0.813       0.030     0.1378
  0.70   100    10   18.5   214.96   1    14    29   200   no   0.999      0.798       0.067     0.2489
  0.70   100    10   21.4   224.51   2    13    29   200   no   0.994      0.721       0.237     0.4509
  0.70   100    10   21.4   221.35   3    13    29   200   no   0.993      0.763       0.116     0.3302
  0.70   100    10   18.5   220.67   4    14    29   200   no   0.969      0.735       0.125     0.3306
  0.70   100    10   18.5   198.45   5    14    29   200   no   0.999      0.788       0.084     0.2842
  0.70   100    20   37.0   367.48   1    14    58   200   no   0.999      0.793       0.081     0.2819
  0.70   100    20   37.0   480.97   2    14    58   200   no   0.994      0.749       0.165     0.3929
  0.70   100    20   42.9   585.38   3    13    58   200   no   0.999      0.785       0.093     0.3023
  0.70   100    20   37.0   414.08   4    14    58   200   no   1.000      0.782       0.118     0.3514
  0.70   100    20   37.0   324.68   5    14    58   200   no   1.000      0.797       0.069     0.2533
  0.70   100    40   74.0   867.47   1    14   116   200   no   0.999      0.781       0.102     0.3173
  0.70   100    40   85.8  1112.06   2    13   116   200   no   0.999      0.758       0.159     0.3968
  0.70   100    40   74.0   828.75   3    14   116   200   no   0.998      0.780       0.107     0.3273
  0.70   100    40   74.0   850.39   4    14   116   200   no   1.000      0.796       0.081     0.2857
  0.70   100    40   74.0   652.12   5    14   116   200   no   0.999      0.769       0.114     0.3317

Means by source regime, blink strength, and requested κ:
  burst 0.00 blink  10 κnom  5 (κ 11.1): removal 0.023 brainLost 0.004 |r| 0.924 ocularShare 0.0055
  burst 0.00 blink  10 κnom 10 (κ 18.5): removal 0.571 brainLost 0.002 |r| 0.969 ocularShare 0.0051
  burst 0.00 blink  10 κnom 20 (κ 37.0): removal 0.664 brainLost 0.002 |r| 0.969 ocularShare 0.0047
  burst 0.00 blink  10 κnom 40 (κ 74.0): removal 0.662 brainLost 0.002 |r| 0.967 ocularShare 0.0050
  burst 0.00 blink  30 κnom  5 (κ 11.1): removal 0.727 brainLost 0.014 |r| 0.991 ocularShare 0.0467
  burst 0.00 blink  30 κnom 10 (κ 18.5): removal 0.753 brainLost 0.012 |r| 0.996 ocularShare 0.0435
  burst 0.00 blink  30 κnom 20 (κ 37.0): removal 0.771 brainLost 0.010 |r| 0.996 ocularShare 0.0408
  burst 0.00 blink  30 κnom 40 (κ 74.0): removal 0.767 brainLost 0.011 |r| 0.996 ocularShare 0.0430
  burst 0.00 blink 100 κnom  5 (κ 11.1): removal 0.770 brainLost 0.139 |r| 0.997 ocularShare 0.3281
  burst 0.00 blink 100 κnom 10 (κ 20.9): removal 0.772 brainLost 0.121 |r| 0.999 ocularShare 0.3282
  burst 0.00 blink 100 κnom 20 (κ 42.9): removal 0.781 brainLost 0.105 |r| 0.999 ocularShare 0.3183
  burst 0.00 blink 100 κnom 40 (κ 76.3): removal 0.777 brainLost 0.112 |r| 0.999 ocularShare 0.3306
  burst 0.02 blink  10 κnom  5 (κ 10.8): removal 0.376 brainLost 0.003 |r| 0.925 ocularShare 0.0055
  burst 0.02 blink  10 κnom 10 (κ 18.5): removal 0.643 brainLost 0.002 |r| 0.969 ocularShare 0.0051
  burst 0.02 blink  10 κnom 20 (κ 37.0): removal 0.681 brainLost 0.001 |r| 0.969 ocularShare 0.0047
  burst 0.02 blink  10 κnom 40 (κ 74.0): removal 0.680 brainLost 0.002 |r| 0.967 ocularShare 0.0050
  burst 0.02 blink  30 κnom  5 (κ 10.8): removal 0.743 brainLost 0.013 |r| 0.991 ocularShare 0.0467
  burst 0.02 blink  30 κnom 10 (κ 18.5): removal 0.761 brainLost 0.011 |r| 0.996 ocularShare 0.0435
  burst 0.02 blink  30 κnom 20 (κ 37.0): removal 0.773 brainLost 0.010 |r| 0.997 ocularShare 0.0408
  burst 0.02 blink  30 κnom 40 (κ 74.0): removal 0.768 brainLost 0.010 |r| 0.996 ocularShare 0.0430
  burst 0.02 blink 100 κnom  5 (κ 11.1): removal 0.772 brainLost 0.138 |r| 0.997 ocularShare 0.3278
  burst 0.02 blink 100 κnom 10 (κ 20.3): removal 0.773 brainLost 0.120 |r| 0.999 ocularShare 0.3284
  burst 0.02 blink 100 κnom 20 (κ 41.7): removal 0.782 brainLost 0.105 |r| 0.999 ocularShare 0.3179
  burst 0.02 blink 100 κnom 40 (κ 76.3): removal 0.778 brainLost 0.112 |r| 0.999 ocularShare 0.3307
  burst 0.70 blink  10 κnom  5 (κ 10.5): removal 0.498 brainLost 0.002 |r| 0.920 ocularShare 0.0055
  burst 0.70 blink  10 κnom 10 (κ 19.7): removal 0.610 brainLost 0.002 |r| 0.949 ocularShare 0.0051
  burst 0.70 blink  10 κnom 20 (κ 37.0): removal 0.690 brainLost 0.001 |r| 0.966 ocularShare 0.0047
  burst 0.70 blink  10 κnom 40 (κ 76.3): removal 0.643 brainLost 0.002 |r| 0.959 ocularShare 0.0050
  burst 0.70 blink  30 κnom  5 (κ 10.5): removal 0.746 brainLost 0.013 |r| 0.987 ocularShare 0.0468
  burst 0.70 blink  30 κnom 10 (κ 19.1): removal 0.752 brainLost 0.012 |r| 0.988 ocularShare 0.0435
  burst 0.70 blink  30 κnom 20 (κ 37.0): removal 0.774 brainLost 0.010 |r| 0.995 ocularShare 0.0407
  burst 0.70 blink  30 κnom 40 (κ 76.3): removal 0.765 brainLost 0.011 |r| 0.995 ocularShare 0.0430
  burst 0.70 blink 100 κnom  5 (κ 11.1): removal 0.768 brainLost 0.141 |r| 0.994 ocularShare 0.3280
  burst 0.70 blink 100 κnom 10 (κ 19.7): removal 0.761 brainLost 0.126 |r| 0.991 ocularShare 0.3290
  burst 0.70 blink 100 κnom 20 (κ 38.2): removal 0.781 brainLost 0.105 |r| 0.998 ocularShare 0.3163
  burst 0.70 blink 100 κnom 40 (κ 76.3): removal 0.777 brainLost 0.113 |r| 0.999 ocularShare 0.3317

Converged vs capped, same (n, T):
  20/116  converged 30: brainLost 0.041 blink 0.739 | capped 15: brainLost 0.042 blink 0.728
  20/15  converged 33: brainLost 0.047 blink 0.584 | capped 12: brainLost 0.064 blink 0.654
  20/29  converged 32: brainLost 0.042 blink 0.709 | capped 13: brainLost 0.054 blink 0.714
  20/58  converged 30: brainLost 0.039 blink 0.742 | capped 15: brainLost 0.039 blink 0.748
