=== artifact clean run grade: real blink detection vs harm (20 ch 10-20, 250 Hz, 60 s, 2 seeds) ===
Detection uses EVA EyeArtifactThresholdDetector on noisy data; simulator onsets are scoring truth only.
Peak match = onset + 0.12 s within ±0.25 s. Default detector settings retained except the named amplitude threshold.
err = var(· − clean)/var(clean); gain = errBefore/errAfter; brainLost = non-artifact change inside touched samples / var(clean)

scenario       method        rate true det  prec   rec    f1  peakMAE touched errBefore errAfter  gain brainLost removedVar
sensitive-100 OBS    0  0.0 17.5 0.000 1.000 0.000 --   0.257     0.000    0.357  0.00     0.357      0.357
sensitive-100 OBS    3  5.0 20.5 0.238 1.000 0.378 0.020   0.306     0.155    0.343  0.45     0.343      0.421
sensitive-100 OBS   10 12.5 27.0 0.450 1.000 0.612 0.023   0.405     0.346    0.389  0.89     0.389      0.504
sensitive-100 OBS   20 22.0 33.5 0.635 0.981 0.767 0.025   0.507     0.630    0.387  1.63     0.371      0.595
sensitive-100 OBS   50 44.5 50.0 0.889 1.000 0.940 0.025   0.778     1.301    0.485  2.68     0.465      0.751
sensitive-100 OBS  100 55.0 57.0 0.965 1.000 0.982 0.024   0.901     1.571    0.421  3.73     0.421      0.883

sensitive-100 SSP/PCA    0  0.0 17.5 0.000 1.000 0.000 --   0.257     0.000    0.557  0.00     0.557      0.557
sensitive-100 SSP/PCA    3  5.0 20.5 0.238 1.000 0.378 0.020   0.306     0.155    0.638  0.24     0.638      0.641
sensitive-100 SSP/PCA   10 12.5 27.0 0.450 1.000 0.612 0.023   0.405     0.346    0.751  0.46     0.751      0.725
sensitive-100 SSP/PCA   20 22.0 33.5 0.635 0.981 0.767 0.025   0.507     0.630    0.897  0.70     0.881      0.838
sensitive-100 SSP/PCA   50 44.5 50.0 0.889 1.000 0.940 0.025   0.778     1.301    1.319  0.99     1.299      1.019
sensitive-100 SSP/PCA  100 55.0 57.0 0.965 1.000 0.982 0.024   0.901     1.571    1.414  1.11     1.414      1.161

sensitive-100 MAS    0  0.0 17.5 0.000 1.000 0.000 --   0.215     0.000    0.123  0.00     0.123      0.123
sensitive-100 MAS    3  5.0 20.5 0.238 1.000 0.378 0.020   0.257     0.155    0.240  0.65     0.240      0.140
sensitive-100 MAS   10 12.5 27.0 0.450 1.000 0.612 0.023   0.337     0.346    0.340  1.02     0.340      0.232
sensitive-100 MAS   20 22.0 33.5 0.635 0.981 0.767 0.025   0.428     0.630    0.458  1.38     0.456      0.421
sensitive-100 MAS   50 44.5 50.0 0.889 1.000 0.940 0.025   0.641     1.301    0.482  2.70     0.475      0.654
sensitive-100 MAS  100 55.0 57.0 0.965 1.000 0.982 0.024   0.735     1.571    0.479  3.28     0.479      0.805

sensitive-100 Wavelet    0  0.0 17.5 0.000 1.000 0.000 --   0.215     0.000    0.141  0.00     0.141      0.141
sensitive-100 Wavelet    3  5.0 20.5 0.238 1.000 0.378 0.020   0.257     0.155    0.163  0.95     0.163      0.266
sensitive-100 Wavelet   10 12.5 27.0 0.450 1.000 0.612 0.023   0.337     0.346    0.202  1.71     0.202      0.364
sensitive-100 Wavelet   20 22.0 33.5 0.635 0.981 0.767 0.025   0.428     0.630    0.252  2.50     0.250      0.513
sensitive-100 Wavelet   50 44.5 50.0 0.889 1.000 0.940 0.025   0.641     1.301    0.343  3.79     0.336      0.745
sensitive-100 Wavelet  100 55.0 57.0 0.965 1.000 0.982 0.024   0.735     1.571    0.414  3.80     0.413      0.835

default-100 OBS    0  0.0  0.0 1.000 1.000 1.000 --   0.000     0.000    0.000  0.00     0.000      0.000
default-100 OBS    3  5.0  0.0 0.000 0.000 0.000 --   0.000     0.155    0.155  1.00     0.000      0.000
default-100 OBS   10 12.5  0.0 0.000 0.000 0.000 --   0.000     0.346    0.346  1.00     0.000      0.000
default-100 OBS   20 22.0  0.5 0.500 0.019 0.036 0.029   0.008     0.630    0.655  0.96     0.049      0.029
default-100 OBS   50 44.5  1.0 1.000 0.023 0.044 0.017   0.017     1.301    1.253  1.04     0.026      0.044
default-100 OBS  100 55.0  1.0 0.500 0.019 0.036 0.038   0.017     1.571    1.545  1.02     0.030      0.047

default-100 SSP/PCA    0  0.0  0.0 1.000 1.000 1.000 --   0.000     0.000    0.000  0.00     0.000      0.000
default-100 SSP/PCA    3  5.0  0.0 0.000 0.000 0.000 --   0.000     0.155    0.155  1.00     0.000      0.000
default-100 SSP/PCA   10 12.5  0.0 0.000 0.000 0.000 --   0.000     0.346    0.346  1.00     0.000      0.000
default-100 SSP/PCA   20 22.0  0.5 0.500 0.019 0.036 0.029   0.008     0.630    0.658  0.96     0.052      0.027
default-100 SSP/PCA   50 44.5  1.0 1.000 0.023 0.044 0.017   0.017     1.301    1.259  1.03     0.032      0.037
default-100 SSP/PCA  100 55.0  1.0 0.500 0.019 0.036 0.038   0.017     1.571    1.551  1.01     0.037      0.042

default-100 MAS    0  0.0  0.0 1.000 1.000 1.000 --   0.000     0.000    0.000  0.00     0.000      0.000
default-100 MAS    3  5.0  0.0 0.000 0.000 0.000 --   0.000     0.155    0.155  1.00     0.000      0.000
default-100 MAS   10 12.5  0.0 0.000 0.000 0.000 --   0.000     0.346    0.346  1.00     0.000      0.000
default-100 MAS   20 22.0  0.5 0.500 0.019 0.036 0.029   0.000     0.630    0.630  1.00     0.000      0.000
default-100 MAS   50 44.5  1.0 1.000 0.023 0.044 0.017   0.000     1.301    1.301  1.00     0.000      0.000
default-100 MAS  100 55.0  1.0 0.500 0.019 0.036 0.038   0.013     1.571    1.592  0.99     0.078      0.061

default-100 Wavelet    0  0.0  0.0 1.000 1.000 1.000 --   0.000     0.000    0.000  0.00     0.000      0.000
default-100 Wavelet    3  5.0  0.0 0.000 0.000 0.000 --   0.000     0.155    0.155  1.00     0.000      0.000
default-100 Wavelet   10 12.5  0.0 0.000 0.000 0.000 --   0.000     0.346    0.346  1.00     0.000      0.000
default-100 Wavelet   20 22.0  0.5 0.500 0.019 0.036 0.029   0.007     0.630    0.609  1.03     0.003      0.015
default-100 Wavelet   50 44.5  1.0 1.000 0.023 0.044 0.017   0.013     1.301    1.238  1.05     0.011      0.039
default-100 Wavelet  100 55.0  1.0 0.500 0.019 0.036 0.038   0.013     1.571    1.526  1.03     0.011      0.030

default-200 OBS    0  0.0  0.0 1.000 1.000 1.000 --   0.000     0.000    0.000  0.00     0.000      0.000
default-200 OBS    3  5.0  5.0 1.000 1.000 1.000 0.017   0.083     0.621    0.084  7.36     0.084      0.422
default-200 OBS   10 12.5 10.0 1.000 0.853 0.914 0.022   0.165     1.383    0.234  5.91     0.124      0.562
default-200 OBS   20 22.0 17.5 1.000 0.812 0.894 0.016   0.281     2.519    0.450  5.60     0.173      0.751
default-200 OBS   50 44.5 36.5 1.000 0.821 0.902 0.016   0.585     5.204    0.749  6.95     0.267      0.944
default-200 OBS  100 55.0 43.5 1.000 0.791 0.883 0.017   0.716     6.286    0.865  7.27     0.299      1.066

default-200 SSP/PCA    0  0.0  0.0 1.000 1.000 1.000 --   0.000     0.000    0.000  0.00     0.000      0.000
default-200 SSP/PCA    3  5.0  5.0 1.000 1.000 1.000 0.017   0.083     0.621    0.203  3.07     0.203      0.384
default-200 SSP/PCA   10 12.5 10.0 1.000 0.853 0.914 0.022   0.165     1.383    0.503  2.75     0.393      0.521
default-200 SSP/PCA   20 22.0 17.5 1.000 0.812 0.894 0.016   0.281     2.519    0.969  2.60     0.692      0.711
default-200 SSP/PCA   50 44.5 36.5 1.000 0.821 0.902 0.016   0.585     5.204    1.950  2.67     1.469      0.916
default-200 SSP/PCA  100 55.0 43.5 1.000 0.791 0.883 0.017   0.716     6.286    2.338  2.69     1.772      1.037

default-200 MAS    0  0.0  0.0 1.000 1.000 1.000 --   0.000     0.000    0.000  0.00     0.000      0.000
default-200 MAS    3  5.0  5.0 1.000 1.000 1.000 0.017   0.066     0.621    0.116  5.34     0.116      0.390
default-200 MAS   10 12.5 10.0 1.000 0.853 0.914 0.022   0.132     1.383    0.283  4.89     0.173      0.481
default-200 MAS   20 22.0 17.5 1.000 0.812 0.894 0.016   0.231     2.519    0.426  5.92     0.211      0.743
default-200 MAS   50 44.5 36.5 1.000 0.821 0.902 0.016   0.475     5.204    0.854  6.09     0.424      0.881
default-200 MAS  100 55.0 43.5 1.000 0.791 0.883 0.017   0.574     6.286    1.137  5.53     0.570      0.988

default-200 Wavelet    0  0.0  0.0 1.000 1.000 1.000 --   0.000     0.000    0.000  0.00     0.000      0.000
default-200 Wavelet    3  5.0  5.0 1.000 1.000 1.000 0.017   0.066     0.621    0.036 17.27     0.036      0.368
default-200 Wavelet   10 12.5 10.0 1.000 0.853 0.914 0.022   0.132     1.383    0.195  7.10     0.085      0.525
default-200 Wavelet   20 22.0 17.5 1.000 0.812 0.894 0.016   0.231     2.519    0.372  6.78     0.157      0.709
default-200 Wavelet   50 44.5 36.5 1.000 0.821 0.902 0.016   0.475     5.204    0.728  7.14     0.299      0.933
default-200 Wavelet  100 55.0 43.5 1.000 0.791 0.883 0.017   0.574     6.286    0.984  6.39     0.417      1.033

